teth0: 8008.439832646783
teth1: -4656.591444722055
min: 22899
max: 240000